     X       NACA 6412-Re=   3e+05-Alpha= 0.00-NCrit=  9.0-XTrTop=0.684-XtrBot=0.321         X       NACA 6412-Re=   3e+05-Alpha= 6.00-NCrit=  9.0-XTrTop=0.510-XtrBot=1.000         X       NACA 6412-Re=   3e+05-Alpha= 9.00-NCrit=  9.0-XTrTop=0.418-XtrBot=1.000    
            1         0.1829289              1         0.1566385              1         0.1032991  
    0.9928006         0.1606894      0.9928006         0.1429348      0.9928006        0.09893745  
    0.9798895          0.118379      0.9798895         0.1153153      0.9798895        0.08854031  
    0.9635184        0.06569373      0.9635184        0.07627896      0.9635184        0.07035369  
    0.9445469       0.007871408      0.9445469        0.02703029      0.9445469        0.04230722  
    0.9234998       -0.05090046      0.9234998       -0.03040922      0.9234998       0.003030822  
    0.9007495        -0.1079826      0.9007495       -0.09331432      0.9007495       -0.04753179  
     0.876583        -0.1619971       0.876583        -0.1589558       0.876583        -0.1079115  
    0.8512328        -0.2122659      0.8512328        -0.2251828      0.8512328        -0.1754717  
    0.8248944        -0.2583354      0.8248944        -0.2906165      0.8248944        -0.2472459  
    0.7977362        -0.2998208      0.7977362        -0.3545173      0.7977362         -0.320743  
    0.7699063        -0.3373639      0.7699063        -0.4165359      0.7699063        -0.3943162  
    0.7415373        -0.3786546      0.7415373        -0.4764828      0.7415373        -0.4671026  
    0.7127487        -0.4596583      0.7127487        -0.5341421      0.7127487        -0.5387718  
      0.68365        -0.6331981        0.68365        -0.5890986        0.68365        -0.6092773  
    0.6543419        -0.6494634      0.6543419        -0.6405399      0.6543419        -0.6786764  
    0.6249182        -0.6658944      0.6249182        -0.6871452      0.6249182        -0.7470094  
    0.5954661        -0.6837882      0.5954661        -0.7283451      0.5954661        -0.8142072  
    0.5660677        -0.7042313      0.5660677        -0.7758295      0.5660677        -0.8800138  
    0.5368005        -0.7278843      0.5368005         -0.909886      0.5368005        -0.9440409  
    0.5077378        -0.7550099      0.5077378          -1.23561      0.5077378         -1.006912  
    0.4789491        -0.7861198      0.4789491         -1.253724      0.4789491         -1.077495  
    0.4505011        -0.8213139      0.4505011         -1.269755      0.4505011         -1.205658  
    0.4224571        -0.8605413      0.4224571         -1.287295      0.4224571         -1.500068  
    0.3948782        -0.9067869      0.3948782         -1.310745      0.3948782         -1.582964  
    0.3678229        -0.9482418      0.3678229         -1.345732      0.3678229         -1.613935  
    0.3413476        -0.9757668      0.3413476         -1.393653      0.3413476         -1.651104  
    0.3155065        -0.9915471      0.3155065         -1.448245      0.3155065         -1.695812  
    0.2903524        -0.9964418      0.2903524         -1.498205      0.2903524         -1.747546  
    0.2659361        -0.9914423      0.2659361          -1.53929      0.2659361         -1.801119  
    0.2423068         -0.977235      0.2423068         -1.571237      0.2423068         -1.852058  
    0.2195125        -0.9543837      0.2195125         -1.594884      0.2195125         -1.898442  
    0.1975998         -0.923375      0.1975998         -1.611234      0.1975998         -1.940075  
    0.1766138        -0.8846475      0.1766138         -1.621284      0.1766138         -1.977616  
    0.1565988        -0.8385934      0.1565988         -1.626037      0.1565988         -2.012172  
    0.1375977        -0.7855431      0.1375977         -1.626522      0.1375977         -2.045148  
    0.1196525        -0.7257339      0.1196525         -1.623824      0.1196525         -2.078231  
    0.1028043        -0.6592642      0.1028043         -1.619089      0.1028043         -2.113414  
   0.08709309        -0.5860265     0.08709309         -1.613521     0.08709309         -2.153044  
   0.07255816        -0.5056148     0.07255816         -1.608363     0.07255816         -2.199875  
   0.05923792        -0.4171919     0.05923792         -1.604833     0.05923792         -2.257098  
   0.04717001        -0.3193297     0.04717001         -1.603991     0.04717001         -2.328312  
   0.03639132        -0.2094429     0.03639132         -1.606436     0.03639132         -2.417388  
   0.02693808       -0.08487874     0.02693808         -1.611625     0.02693808          -2.52809  
   0.01884581        0.06240783     0.01884581         -1.616398     0.01884581         -2.663024  
   0.01214942         0.2338897     0.01214942         -1.611747     0.01214942         -2.820295  
  0.006883198         0.4452489    0.006883198         -1.571425    0.006883198         -2.983097  
  0.003080868         0.6841722    0.003080868         -1.453215    0.003080868         -3.096609  
 0.0007755917         0.9170211   0.0007755917           -1.1261   0.0007755917         -2.975773  
            0          0.991371              0        -0.5125714              0         -2.373233  
 0.0007755917         0.7130984   0.0007755917         0.2859092   0.0007755917         -1.202153  
  0.003080868         0.1961879    0.003080868         0.8507903    0.003080868        0.04203973  
  0.006883198        -0.1805111    0.006883198           0.99999    0.006883198         0.7500337  
   0.01214942         -0.354006     0.01214942           0.92855     0.01214942         0.9771792  
   0.01884581        -0.3954174     0.01884581         0.8080225     0.01884581         0.9918067  
   0.02693808        -0.3823135     0.02693808          0.698177     0.02693808         0.9336808  
   0.03639132        -0.3438734     0.03639132         0.6107218     0.03639132         0.8614131  
   0.04717001        -0.2967279     0.04717001         0.5453678     0.04717001         0.7912084  
   0.05923792        -0.2477623     0.05923792            0.4969     0.05923792         0.7324433  
   0.07255816        -0.2000606     0.07255816         0.4617479     0.07255816         0.6823381  
   0.08709309        -0.1550171     0.08709309         0.4364484     0.08709309         0.6422813  
    0.1028043        -0.1132985      0.1028043          0.418562      0.1028043         0.6095947  
    0.1196525        -0.0752803      0.1196525         0.4062137      0.1196525         0.5833695  
    0.1375977       -0.04120078      0.1375977          0.397988      0.1375977         0.5622712  
    0.1565988       -0.01113175      0.1565988         0.3927995      0.1565988         0.5452756  
    0.1766138        0.01512388      0.1766138         0.3898005      0.1766138          0.531511  
    0.1975998        0.03804324      0.1975998         0.3883138      0.1975998         0.5202413  
    0.2195125        0.05823959      0.2195125         0.3877828      0.2195125         0.5108379  
    0.2423068        0.07630074      0.2423068         0.3877344      0.2423068         0.5027514  
    0.2659361        0.09279092      0.2659361         0.3877461      0.2659361         0.4954863  
    0.2903524         0.1082351      0.2903524          0.387414      0.2903524         0.4885712  
    0.3155065         0.1227452      0.3155065         0.3863168      0.3155065         0.4815262  
    0.3413476         0.1670082      0.3413476          0.383924      0.3413476         0.4737737  
    0.3678229         0.1969302      0.3678229         0.3795979      0.3678229         0.4646471  
    0.3948782         0.1999091      0.3948782         0.3711626      0.3948782         0.4519292  
    0.4224571          0.190968      0.4224571         0.3587829      0.4224571         0.4356406  
    0.4505011         0.1884364      0.4505011         0.3500595      0.4505011         0.4230859  
    0.4789491         0.1888063      0.4789491         0.3431426      0.4789491         0.4124406  
    0.5077378         0.1907829      0.5077378         0.3374811      0.5077378         0.4030841  
    0.5368005         0.1932564      0.5368005         0.3325055      0.5368005         0.3944333  
    0.5660677         0.1959498      0.5660677         0.3278495      0.5660677         0.3861153  
    0.5954661         0.1988444      0.5954661         0.3232468      0.5954661          0.377863  
    0.6249182         0.2013495      0.6249182         0.3184965      0.6249182         0.3694778  
    0.6543419         0.2033899      0.6543419         0.3134457      0.6543419         0.3608018  
      0.68365         0.2048814        0.68365         0.3079791        0.68365          0.351704  
    0.7127487         0.2057733      0.7127487         0.3020088      0.7127487         0.3420713  
    0.7415373         0.2060727      0.7415373         0.2954674      0.7415373         0.3318032  
    0.7699063         0.2057915      0.7699063         0.2883043      0.7699063         0.3208079  
    0.7977362         0.2049473      0.7977362         0.2804833      0.7977362         0.3089983  
    0.8248944          0.203594      0.8248944         0.2719807      0.8248944         0.2962879  
    0.8512328         0.2018204      0.8512328         0.2627844      0.8512328         0.2825857  
     0.876583         0.1997482       0.876583         0.2528921       0.876583         0.2677879  
    0.9007495         0.1975374      0.9007495         0.2423093      0.9007495          0.251767  
    0.9234998         0.1953964      0.9234998         0.2310488      0.9234998         0.2343572  
    0.9445469         0.1935796      0.9445469         0.2191144      0.9445469         0.2153072  
    0.9635184         0.1924388      0.9635184         0.2065671      0.9635184         0.1943631  
    0.9798895         0.1919482      0.9798895         0.1930705      0.9798895         0.1705133  
    0.9928006         0.1933243      0.9928006         0.1802785      0.9928006         0.1460925  
            1         0.1829289              1         0.1566385              1         0.1032991  

